15200
15420
15653
15891
16127
16358
16578
16785
16976
17148
17300
17430
17537
17621
17680
17715
17725
17710
17670
17606
17519
17409
17277
17124
16952
16761
16553
16329
16091
15840
15579
15308
15030
14746
14459
14170
13881
13594
13311
13034
12764
12504
12255
12019
11798
11593
11406
11238
11091
10965
10862
10783
10729
10701
10699
10724
10777
10857
10965
11100
11263
11453
11670
11913
12182
12476
12794
13134
13496
13879
14281
14700
15136
15586
16049
16523
17006
17496
17991
18490
18990
19489
19986
20478
20964
21441
21908
22363
22803
23228
23635
24023
24391
24736
25058
25356
25628
25873
26091
26281
26442
26574
26676
26748
26791
26804
26787
26741
26666
26563
26432
26275
26092
25885
25655
25403
25130
24838
24529
24204
23865
23513
23151
22780
22403
22021
21636
21251
20867
20485
20109
19739
19378
19027
18688
18363
18053
17760
17485
17230
16995
16782
16592
16425
16282
16164
16072
16005
15964
15948
15958
15993
16053
16138
16247
16379
16534
16710
16906
17121
17354
17604
17868
18146
18435
18734
19041
19355
19673
19994
20315
20635
20952
21264
21569
21865
22150
22423
22682
22925
23150
23356
23542
23706
23847
23964
24056
24122
24161
24172
24155
24110
24036
23933
23802
23642
23454
23238
22994
22724
22428
22107
21762
21394
21005
20596
20168
19723
19263
18789
18303
17807
17303
16793
16278
15761
15244
14729
14218
13712
13214
12725
12248
11784
11335
10903
10489
10095
9722
9371
9044
8742
8466
8216
7994
7800
7634
7497
7389
7310
7260
7239
7246
7281
7343
7432
7547
7686
7849
8035
11870
14877
17213
19004
20352
21338
22028
22476
22727
22817
22775
22626
22392
22090
21736
21343
20922
20484
20038
19592
19153
18727
18321
17940
17588
17270
16989
16749
16552
16400
16296
16240
16232
16273
16363
16501
16685
16914
17186
17499
17849
18234
18649
19091
19556
20039
20537
21044
21556
22068
22576
23074
23558
24024
24467
24884
25270
25622
25936
26209
26439
26624
26762
26852
26892
26882
26823
26714
26556
26351
26100
25806
25470
25096
24688
24248
23780
23289
22779
22254
21719
21178
20636
20098
19569
19053
18555
18079
17629
17209
16823
16474
16165
15899
15677
15502
15375
15297
15269
15290
15361
15480
15646
15858
16113
16409
16743
17112
17512
17940
18391
18862
19347
19843
20344
20846
21344
21834
22310
22769
23205
23615
23995
24342
24651
24921
25148
25330
25465
25551
25588
25576
25514
25402
25241
25033
24779
24481
24142
23764
23351
22906
22433
21935
21418
20885
20342
19793
19242
18695
18156
17629
17119
16631
16169
15736
15336
14973
14650
14369
14133
13943
13801
13708
13665
13671
13727
13831
13983
14180
14421
14704
15025
15382
15770
16187
16628
17089
17565
18052
18545
19040
19532
20016
20487
20941
21374
21781
22159
22503
22811
23079
23305
23486
23621
23708
23746
23734
23672
23560
23400
23192
22938
22640
22300
21921
21506
21059
20584
20084
19564
19028
18480
17926
17370
16816
16270
15736
15219
14722
14251
13809
13400
13027
12693
12401
12154
11953
11800
11696
11641
11636
11680
11773
11914
12101
12332
12605
12917
13265
13646
14055
14489
14944
15415
15897
16386
16878
17367
17849
16638
15555
14579
13693
12887
12155
11494
10901
10378
9925
9545
9240
9013
8866
8800
8816
8915
9096
9358
9698
10114
10601
11154
11767
12434
13147
13898
14678
15479
16292
17107
17915
18706
19472
20204
20893
21532
22115
22635
23087
23467
23771
23998
24146
24215
24207
24123
23967
23744
23458
23115
22723
22288
21819
21324
20812
20292
19774
19265
18775
18312
17885
17500
17164
16884
16664
16508
16420
16401
16453
16576
16769
17029
17353
17736
18174
18660
19188
19750
20338
20944
21558
22172
22776
23361
23919
24441
24919
25345
25712
26015
26248
26407
26488
26489
26410
26250
26010
25692
25299
24836
24308
23720
23080
22395
21674
20925
20156
19377
18598
17827
17074
16347
15655
15006
14406
13863
13382
12967
12622
12350
12152
12029
11980
12004
12097
12256
12477
12753
13078
13445
13847
14275
14720
15174
15627
16071
16497
16896
17260
17581
17853
18070
18226
18316
18337
18286
18163
17966
17697
17357
16949
16478
15948
15365
14735
14066
13366
12643
11906
11164
10427
9704
9003
8334
7705
7124
6598
6134
5738
5414
5167
4999
4912
4906
4982
5137
5369
5675
6050
6488
6983
7528
8115
8736
9382
10044
10713
11380
12036
12672
13279
13849
14376
14852
15271
15629
15921
16145
16298
16379
16389
16329
16202
16010
15759
15453
15098
14702
14272
13816
13342
12860
12378
11905
11450
11022
10630
10281
9982
9740
9560
9448
9408
9442
9553
9741
10006
10346
10759
11242
11790
12398
13059
13766
14511
15287
16084
16894
17707
18513
19304
20070
20803
21495
22138
22725
23249
23705
24089
23662
23245
22835
22432
22034
21641
21253
20871
20496
20129
19770
19422
19085
18761
18451
18156
17878
17618
17377
17157
16958
16782
16629
16500
16395
16315
16261
16233
16230
16253
16301
16375
16473
16595
16741
16910
17100
17311
17541
17790
18055
18336
18631
18938
19255
19581
19914
20252
20594
20937
21279
21619
21954
22283
22604
22915
23214
23499
23768
24020
24254
24468
24660
24829
24975
25095
25189
25257
25297
25309
25292
25246
25171
25066
24932
24769
24578
24358
24111
23837
23537
23212
22864
22493
22101
21689
21258
20811
20349
19874
19387
18890
18386
17876
17362
16847
16332
15819
15310
14807
14313
13828
13355
12896
12452
12025
11617
11229
10862
10518
10197
9901
9631
9387
9171
8982
8822
8690
8587
8512
8465
8447
8456
8493
8556
8645
8759
8896
9056
9237
9438
9658
9895
10148
10414
10693
10982
11279
11583
11891
12202
12514
12825
13133
13436
13732
14020
14297
14562
14814
15051
15271
15473
15656
15818
15958
16076
16170
16240
16285
16305
16300
16269
16212
16129
16021
15887
15729
15546
15340
15111
14861
14590
14300
13992
13667
13327
12974
12609
12234
11850
11460
11065
10667
10268
9870
9475
9085
8702
8328
7965
7614
7278
6958
6656
6373
6110
5870
5653
5461
5295
5155
5043
4959
4904
4879
4883
4917
4982
5076
5200
5353
5535
5746
5984
6249
6540
6855
7193
7553
7934
8334
8752
9185
9632
10092
10562
11040
11525
12014
12506
12999
13490
13978
14461
14936
15402
15857
16300
16728
17140
17535
17910
18265
18599
18910
19197
19459
19696
19907
17563
15643
14073
12793
11756
10924
10267
9760
9385
9125
8967
8901
8918
9010
9170
9392
9669
9997
10370
10783
11231
11709
12211
12733
13269
13815
14365
14914
15458
15991
16509
17007
17481
17927
18341
18719
19059
19357
19611
19819
19980
20092
20155
20168
20131
20046
19913
19733
19509
19242
18936
18594
18218
17813
17383
16931
16463
15982
15494
15002
14512
14029
13557
13100
12663
12250
11866
11514
11197
10919
10682
10489
10342
10243
10193
10192
10241
10340
10488
10684
10926
11213
11542
11911
12317
12756
13225
13719
14235
14768
15314
15868
16426
16982
17532
18071
18595
19099
19579
20032
20453
20838
21185
21491
21753
21969
22137
22257
22327
22348
22319
22241
22114
21941
21723
21462
21161
20824
20453
20052
19625
19176
18709
18229
17741
17249
16758
16273
15798
15338
14897
14480
14091
13733
13410
13125
12881
12681
12526
12419
12360
12351
12391
12481
12620
12807
13041
13320
13642
14004
14403
14835
15298
15787
16298
16827
17369
17919
18474
19028
19576
20114
20637
21141
21622
22075
22497
22884
23233
23541
23806
24025
24196
24319
24393
24417
24391
24315
24191
24020
23804
23545
23245
22908
22537
22135
21707
21256
20787
20304
19812
19316
18820
18329
17847
17380
16931
16505
16106
15738
15405
15110
14855
14643
14476
14357
14286
14264
14292
14369
14495
14670
14892
15159
15469
15819
16206
16628
17080
17559
18061
18581
19115
19658
20205
20752
21295
21828
22347
22847
23324
23774
24193
24578
24925
25232
25495
25713
25884
26006
26079
26102
26075
25998
25873
25701
25483
25222
24920
24580
21522
19132
17290
15898
14875
14157
13688
13423
13323
13356
13493
13710
13985
14299
14635
14978
15313
15629
15915
16162
16362
16507
16593
16615
16569
16455
16271
16019
15700
15317
14875
14378
13832
13244
12622
11973
11306
10629
9952
9285
8636
8014
7427
6884
6393
5960
5592
5294
5070
4924
4858
4873
4970
5148
5404
5736
6140
6610
7141
7726
8357
9027
9727
10448
11180
11915
12644
13357
14045
14701
15316
15883
16396
16849
17238
17558
17807
17984
18088
18119
18079
17971
17799
17567
17281
16947
16573
16166
15734
15286
14831
14377
13934
13510
13115
12756
12440
12175
11968
11823
11745
11738
11804
11945
12161
12451
12813
13245
13743
14302
14916
15578
16282
17019
17781
18558
19342
20124
20894
21643
22362
23043
23678
24259
24780
25234
25617
25925
26155
26305
26374
26362
26271
26103
25862
25552
25179
24748
24267
23744
23187
22604
22005
21398
20793
20198
19622
19074
18562
18093
17674
17311
17008
16770
16600
16499
16469
16510
16620
16797
17038
17338
17692
18093
18535
19011
19512
20030
20556
21081
21596
22092
22560
22992
23379
23715
23993
24207
24352
24424
24420
24338
24177
23937
23619
23226
22762
22231
21638
20989
20291
19553
18782
17987
17177
16362
15550
14751
13974
13228
12521
11861
11255
10709
10228
9817
9480
9219
9035
8929
8900
8946
9064
9250
9499
9806
10163
10564
11000
11464
11946
12438
12930
13414
13881
14322
14729
15095
15413
15677
15881
16021
16093
16096
16028
15888
15678
15400
15056
14651
14190
13679
13124
12532
11912
11272
10621
9968
9322
8693
8877
9045
9204
9361
9521
9687
9862
10048
10247
10458
10682
10919
11168
11428
11698
11977
12263
12555
12851
13150
13449
13747
14042
14333
14617
14893
15159
15413
15654
15880
16090
16282
16455
16608
16739
16848
16933
16994
17030
17041
17026
16985
16918
16825
16706
16561
16391
16197
15978
15736
15472
15187
14881
14557
14215
13857
13485
13100
12703
12297
11884
11465
11042
10617
10192
9769
9350
8937
8532
8137
7754
7384
7029
6691
6372
6073
5795
5540
5309
5104
4925
4774
4651
4556
4491
4455
4449
4474
4529
4614
4729
4873
5046
5247
5475
5730
6010
6314
6641
6990
7359
7746
8150
8570
9003
9448
9902
10364
10832
11304
11778
12252
12724
13192
13654
14109
14554
14988
15408
15814
16203
16574
16926
17257
17567
17854
18117
18355
18568
18755
18916
19050
19157
19237
19290
19316
19316
19291
19240
19165
19066
18945
18802
18639
18457
18258
18042
17812
17569
17315
17052
16781
16504
16223
15940
15657
15376
15099
14828
14564
14309
14066
13835
13619
13419
13236
13072
12928
12806
12706
12630
12578
12551
12550
12575
12627
12706
12812
12945
13105
13291
13503
13740
14002
14288
14597
14928
15280
15651
16041
16447
16868
17302
17748
18204
18668
19138
19612
20088
20564
21038
21509
21974
22431
22879
23315
23738
24146
24537
24910
25263
25595
25904
26188
26447
26680
26886
27064
27213
27333
27423
27483
27513
27512
27482
27422
27332
27214
27067
26893
26693
26467
26217
25944
25649
25334
25000
24649
24283
23903
23511
23109
22700
22284
21864
21442
21020
20599
20182
19771
18449
17499
16845
16425
16188
16094
16108
16202
16354
16543
16754
16973
17189
17392
17575
17731
17854
17941
17987
17991
17950
17864
17732
17554
17331
17064
16755
16407
16021
15601
15151
14674
14174
13655
13122
12579
12030
11481
10936
10400
9877
9372
8890
8434
8008
7616
7262
6948
6676
6450
6270
6139
6057
6025
6043
6110
6226
6390
6599
6852
7147
7480
7848
8248
8676
9128
9599
10086
10583
11086
11590
12091
12584
13064
13527
13968
14383
14768
15120
15436
15712
15945
16134
16276
16370
16415
16411
16357
16254
16102
15903
15658
15370
15041
14673
14270
13835
13373
12887
12381
11860
11328
10790
10251
9715
9188
8673
8176
7700
7250
6830
6443
6093
5783
5516
5293
5117
4989
4911
4882
4903
4974
5094
5262
5476
5734
6033
6371
6745
7151
7586
8045
8525
9021
9528
10041
10556
11069
11574
12067
12543
12998
13428
13829
14197
14529
14821
15071
15277
15437
15549
15612
15626
15590
15505
15371
15190
14963
14692
14379
14028
13641
13222
12775
12303
11811
11303
10784
10258
9730
9205
8688
8183
7695
7228
6786
6373
5993
5650
5346
5084
4867
4696
4574
4500
4476
4502
4578
4703
4876
5096
5360
5666
6011
6392
6806
7249
7717
8206
8712
9230
9755
10282
10807
11325
11832
12323
12793
13239
13656
14041
14390
14700
14968
15192
15370
15501
15583
15616
15599
15533
15418
15255
15046
14793
14498
14164
13794
13391
12959
12502
12025
11531
11025
10512
9997
9484
8977
8482
8003
7545
7111
6706
6334
5997
5699
5443
5232
5067
4950
9438
13081
16032
18410
20311
21813
22977
23853
24483
24900
25133
25205
25137
24948
24654
24271
23813
23293
22725
22120
21491
20848
20203
19567
18949
18359
17805
17295
16835
16432
16091
15816
15610
15474
15409
15415
15491
15633
15838
16101
16417
16780
17182
17616
18073
18545
19023
19498
19962
20405
20818
21194
21525
21803
22023
22179
22266
22280
22220
22083
21869
21579
21214
20778
20274
19706
19081
18405
17686
16931
16149
15349
14540
13731
12931
12150
11396
10678
10005
9383
8820
8321
7892
7536
7257
7057
6937
6896
6933
7046
7231
7484
7800
8173
8595
9059
9557
10081
10622
11170
11716
12252
12769
13258
13712
14123
14484
14789
15034
15215
15328
15371
15344
15246
15079
14845
14548
14192
13782
13324
12825
12293
11736
11162
10580
10000
9430
8879
8357
7871
7430
7041
6711
6446
6251
6130
6086
6122
6238
6434
6709
7061
7487
7982
8541
9158
9825
10535
11281
12053
12842
13639
14435
15220
15986
16723
17424
18080
18685
19232
19716
20132
20476
20746
20941
21060
21104
21075
20975
20809
20581
20297
19964
19589
19179
18743
18290
17828
17367
16915
16481
16074
15702
15372
15091
14866
14701
14601
14570
14610
14722
14906
15162
15487
15879
16334
16846
17410
18019
18665
19341
20038
20748
21461
22168
22860
23527
24161
24754
25298
25785
26209
26565
26848
27054
27180
27225
27188
27070
26872
26598
26250
25834
25356
24822
24239
23614
22957
22276
21580
20879
20181
19496
18832
18198
17602
17051
16552
16111
15732
15420
15177
15005
14906
14878
14921
15032
15208
15444
15734
15964
16202
16441
16676
16903
17118
17317
17499
17661
17802
17920
18015
18085
18131
18152
18148
18119
18066
17989
17889
17767
17624
17461
17279
17079
16863
16632
16388
16132
15867
15594
15315
15031
14745
14459
14174
13893
13617
13348
13088
12838
12601
12378
12171
11981
11810
11659
11529
11422
11338
11279
11245
11237
11256
11302
11375
11475
11603
11758
11940
12149
12384
12645
12931
13241
13574
13928
14303
14697
15109
15537
15980
16436
16903
17379
17862
18351
18844
19338
19832
20323
20810
21291
21763
22225
22675
23112
23533
23936
24321
24685
25027
25346
25641
25910
26153
26368
26555
26713
26842
26941
27010
27049
27058
27038
26988
26909
26802
26667
26506
26319
26107
25871
25613
25334
25035
24719
24387
24040
23680
23310
22931
22544
22152
21757
21361
20966
20573
20185
19803
19429
19066
18714
18376
18053
17746
17457
17187
16938
16710
16505
16323
16165
16032
15924
15841
15784
15753
15748
15769
15815
15885
15980
16098
16239
16402
16585
16787
17008
17245
17498
17765
18043
18332
18630
18934
19243
19556
19870
20183
20493
20799
21098
21389
21670
21939
22194
22434
22657
22862
23046
23209
23350
23467
23559
23625
23665
23678
23663
23620
23548
23447
23318
23161
22975
22761
22520
22253
21960
21642
21300
20935
20548
20141
19716
19274
18816
18344
17860
17366
16864
16355
15842
15327
14811
14297
13786
13281
12783
12294
11817
11353
10904
10471
10056
9661
9287
8936
8608
8305
8028
7777
7554
7359
7192
7054
6946
6867
6817
6796
6803
6839
6902
6992
7109
7251
7416
7604
7814
8044
9061
9169
9291
9425
9573
9734
9908
10093
10291
10500
10719
10950
11190
11440
11700
11968
12243
12527
12817
13114
13417
13724
14037
14353
14672
14994
15318
15644
15970
16296
